No.  0
0000000
0000000
0000000
0000000
0000000
0000000
0000000
No.  1
0000000
0000000
0000000
0000000
0000000
0000000
0000000
No.  2
0000000
0000000
0000000
0000000
0000000
0000000
0000000
No.  3
0000000
0000000
0000000
0000000
0000000
0000000
0000000
No.  4
0000000
0000000
0000000
0000000
0000000
0000000
0000000
No.  5
0000000
0000000
0000000
0000000
0000000
0000000
0000000
No.  6
0000000
0000000
0000000
0000000
0000000
0000000
0000000
No.  7
1111222
1111222
1111222
1111222
1111222
1111222
1111222
No.  8
0000000
0000000
0000000
0000000
0000000
0000000
0000000
No.  9
0000000
0000000
0000000
0000000
0000000
0000000
0000000
No.  10
0000000
0000000
0000000
0000000
0000000
0000000
0000000
No.  11
0000000
0000000
0000000
0000000
0000000
0000000
0000000
No.  12
0000000
0000000
0000000
0000000
0000000
0000000
0000000
No.  13
0000000
0000000
0000000
0000000
0000000
0000000
0000000
No.  14
0000000
0000000
0000000
0000000
0000000
0000000
0000000
No.  15
1111222
1111222
1111222
1111222
1111222
1111222
1111222
No.  16
0000000
0000000
0000000
0000000
0000000
0000000
0000000
No.  17
0000000
0000000
0000000
0000000
0000000
0000000
0000000
No.  18
0000000
0000000
0000000
0000000
0000000
0000000
0000000
No.  19
0000000
0000000
0000000
0000000
0000000
0000000
0000000
No.  20
0000000
0000000
0000000
0000000
0000000
0000000
0000000
No.  21
0000000
0000000
0000000
0000000
0000000
0000000
0000000
No.  22
0000000
0000000
0000000
0000000
0000000
0000000
0000000
No.  23
1111222
1111222
1111222
1111222
1111222
1111222
1111222
No.  24
0000000
0000000
0000000
0000000
0000000
0000000
0000000
No.  25
0000000
0000000
0000000
0000000
0000000
0000000
0000000
No.  26
0000000
0000000
0000000
0000000
0000000
0000000
0000000
No.  27
0000000
0000000
0000000
0000000
0000000
0000000
0000000
No.  28
0000000
0000000
0000000
0000000
0000000
0000000
0000000
No.  29
0000000
0000000
0000000
0000000
0000000
0000000
0000000
No.  30
0000000
0000000
0000000
0000000
0000000
0000000
0000000
No.  31
1111222
1111222
1111222
1111222
1111222
1111222
1111222
No.  32
0000000
0000000
0000000
0000000
0000000
0000000
0000000
No.  33
0000000
0000000
0000000
0000000
0000000
0000000
0000000
No.  34
0000000
0000000
0000000
0000000
0000000
0000000
0000000
No.  35
0000000
0000000
0000000
0000000
0000000
0000000
0000000
No.  36
0000000
0000000
0000000
0000000
0000000
0000000
0000000
No.  37
0000000
0000000
0000000
0000000
0000000
0000000
0000000
No.  38
0000000
0000000
0000000
0000000
0000000
0000000
0000000
No.  39
1111222
1111222
1111222
1111222
1111222
1111222
1111222
No.  40
0000000
0000000
0000000
0000000
0000000
0000000
0000000
No.  41
0000000
0000000
0000000
0000000
0000000
0000000
0000000
No.  42
0000000
0000000
0000000
0000000
0000000
0000000
0000000
No.  43
0000000
0000000
0000000
0000000
0000000
0000000
0000000
No.  44
0000000
0000000
0000000
0000000
0000000
0000000
0000000
No.  45
0000000
0000000
0000000
0000000
0000000
0000000
0000000
No.  46
0000000
0000000
0000000
0000000
0000000
0000000
0000000
No.  47
1111222
1111222
1111222
1111222
1111222
1111222
1111222
No.  48
0000000
0000000
0000000
0000000
0000000
0000000
0000000
No.  49
0000000
0000000
0000000
0000000
0000000
0000000
0000000
No.  50
0000000
0000000
0000000
0000000
0000000
0000000
0000000
No.  51
0000000
0000000
0000000
0000000
0000000
0000000
0000000
No.  52
0000000
0000000
0000000
0000000
0000000
0000000
0000000
No.  53
0000000
0000000
0000000
0000000
0000000
0000000
0000000
No.  54
0000000
0000000
0000000
0000000
0000000
0000000
0000000
No.  55
1111222
1111222
1111222
1111222
1111222
1111222
1111222
No.  56
3333333
3333333
3333333
3333333
6666666
6666666
6666666
No.  57
3333333
3333333
3333333
3333333
6666666
6666666
6666666
No.  58
3333333
3333333
3333333
3333333
6666666
6666666
6666666
No.  59
3333333
3333333
3333333
3333333
6666666
6666666
6666666
No.  60
3333333
3333333
3333333
3333333
6666666
6666666
6666666
No.  61
3333333
3333333
3333333
3333333
6666666
6666666
6666666
No.  62
3333333
3333333
3333333
3333333
6666666
6666666
6666666
No.  63
4444555
4444555
4444555
4444555
7777888
7777888
7777888







12
34

1234     1111     0
1234     2222      0
1234     3333       0  
1234     4444        0